bezier
213 314.1 250 344.1 275.4 332 274.3 300.7
bezier
213 314.1 250 344.1 275.4 332 274.3 300.7
bezier
290.8 309.9 308.6 287 271.3 283.1 274.3 300.7
line
290.8 309.9 0 299.67 309.42 0
line
292.84 321.8 0 299.67 309.42 0
line
292.84 321.8 0 314.5 309.4 0
line 
317.5 314.94 0 314.5 309.4 0
bezier
317.5 314.94 314.3 326.5 305 337.9 281.1 352.6
line
394.8 353 0 281.1 352.6 0
line
394.8 353 0 419.2 307.4 0
bezier
397.3 278.5 355.5 265 348.6 354 419.2 307.4
line
397.3 278.5 0 396.8 224 0
bezier
358.7 215 324.3 234.6 341 305.5 396.8 224
line
358.7 215 0 330.3 191.4 0
bezier
306.8 192.6 272.9 231 313 255.5 330.3 191.4
line
306.8 192.6 0 304 186.2 0
line
317.8 178.7 0 304 186.2 0
bezier
317.8 178.7 350.5 181.8 353.7 152.4 338 141.5
bezier
317 145.2 311 170.8 342.7 165.7 338 141.5
line
317 145.2 0 305 148.6 0
line
302.3 162.3 0 305 148.6 0
line
302.3 162.3 0 298.2 159.7 0
line
288.6 169.9 0 298.2 159.7 0
line
288.6 169.9 0 341.6 50.4 0
bezier
269.6 59 287.6 70.3 322.6 67.4 341.6 50.4
line
269.6 59 0 250.3 104 0
line
229.2 59 0 250.3 104 0
bezier
229.2 59 203.5 70.7 178.9 67.3 156.2 49.4
line
208 170.3 0 156.2 49.4 0
line
208.7 170.3 0 199.8 159.7 0
line
194.3 162.5 0 199.8 159.7 0
bezier
194.3 162.5 196 151 189.7 144.7 180.5 144.9
bezier
161.2 141 154.6 174.1 196 164 180.5 144.9
bezier
161.2 141 139 151.3 154 184.2 180 178.1
line
195 186.7 0 180 178.1 0
line
195 186.7 0 191 193.3 0
bezier
167.2 192 181 248.8 227.5 236.8 191 193.3
line
167.2 192 0 139.7 215.3 0
bezier
102.8 225.3 130.3 286 188.6 260.5 139.7 215.3
line
102.8 225.3 0 102 279 0
bezier
80 308.5 144.5 350.7 146 269.7 102 279
line
80 308.5 0 102.4 353.6 0
line
216.2 353.2 0 102.4 353.6 0
bezier
216.2 353.2 195 340.4 172.4 317.5 184.5 308.5
line
205.2 321.5 0 184.5 308.5 0
line
205.2 321.5 0 197.8 309.6 0
line
206.7 310 0 197.8 309.6 0
bezier
306.7 310 188.3 280.5 243 285.6 224.5 307
line
212.1 299.3 0 224.5 307 0
line
213 314.1 0 212.1 299.3 0





































































































































































